camera_matrix:
- [545.6554336006891, 0.0, 324.4293242301518]
- [0.0, 547.5347135521694, 244.4936077907541]
- [0.0, 0.0, 1.0]
dist_coeff:
- [0.14233308628740285, -0.7007310263274664, 0.006139414265238502, 0.004836775886660002,
  1.0029201480192698]
