camera_matrix:
- [547.6084111150691, 0.0, 316.205569156494]
- [0.0, 552.4014501688138, 249.27413854411253]
- [0.0, 0.0, 1.0]
dist_coeff:
- [-0.014678982838779839, 0.027796194297462235, 0.006109274821897568, -0.00016503963167117846,
  -0.11077418506489145]
